Output_Table_ 1,Output_Table_ 2,Output_Table_ 3,Output_Table_ 4,Output_Table_ 5,Output_Table_ 6,Output_Table_ 7,Output_Table_ 8,Output_Table_ 9,Output_Table_10,Output_Table_11,Output_Table_12,Output_Table_13,Output_Table_14,Output_Table_15,Output_Table_16,Output_Table_17,Output_Table_18,Output_Table_19,Output_Table_20,Output_Table_21,Output_Table_22,Output_Table_23,Output_Table_24,Output_Table_25,Output_Table_26,Output_Table_27,Output_Table_28,Output_Table_29,Output_Table_30,Output_Table_31,Output_Table_32,Output_Table_33,Output_Table_34,Output_Table_35,Output_Table_36,Output_Table_37
-90,0,0,0,1,0,1,0,0,1,1,1,1,0,0,0,1,0,1,0,0,1,1,1,1,0,0,1,0,0,1,1,1,0,1,1,1
-89,0,0,0,1,0,1,0,0,1,1,1,1,0,0,0,1,0,1,0,0,1,1,1,1,0,0,1,0,0,1,1,1,0,1,1,1
-88,0,0,0,1,0,1,0,0,1,1,1,1,0,0,0,1,0,1,0,0,1,1,1,1,0,0,1,0,0,1,1,1,0,1,1,1
-87,0,0,0,1,0,1,0,0,1,1,1,1,0,0,0,1,0,1,0,0,1,1,1,1,0,0,1,0,0,1,1,1,0,1,1,1
-86,0,0,0,1,0,1,0,0,1,1,1,1,0,0,0,1,0,1,0,0,1,1,1,1,0,0,1,0,0,1,1,1,0,1,1,1
-85,0,0,0,1,0,1,0,0,1,1,1,1,0,0,0,1,0,1,0,0,1,1,1,1,0,0,1,0,0,1,1,1,0,1,1,1
-84,0,0,0,1,0,1,0,0,1,1,1,1,0,0,0,1,0,1,0,0,1,1,1,1,0,0,1,0,0,1,1,1,0,1,1,1
-83,0,0,0,1,0,1,0,0,1,1,1,1,0,0,0,1,0,1,0,0,1,1,1,1,0,0,1,0,0,1,1,1,0,1,1,1
-82,0,0,0,1,0,1,0,0,1,1,1,1,0,0,0,1,0,1,0,0,1,1,1,1,0,0,1,0,0,1,1,1,0,1,1,1
-81,0,0,0,1,0,1,0,0,1,1,1,1,0,0,0,1,0,1,0,0,1,1,1,1,0,0,1,0,0,1,1,1,0,1,1,1
-80,0,0,0,1,0,1,0,0,1,1,1,1,0,0,0,1,0,1,0,0,1,1,1,1,0,0,1,0,0,1,1,1,0,1,1,1
-79,0,0,0,1,0,1,0,0,1,1,1,1,0,0,0,1,0,1,0,0,1,1,1,1,0,0,1,0,0,1,1,1,0,1,1,1
-78,0,0,0,1,0,1,0,1,0,1,1,1,0,0,0,1,0,1,0,0,1,1,1,1,0,0,1,0,0,1,1,1,0,1,1,1
-77,0,0,0,1,0,1,0,1,0,1,1,1,0,0,0,1,0,1,0,0,1,1,1,1,0,0,1,0,0,1,1,1,0,1,1,1
-76,0,0,0,1,1,0,0,1,0,1,1,1,0,0,0,1,0,1,0,0,1,1,1,1,0,0,1,0,0,1,1,1,0,1,1,1
-75,0,0,0,1,1,0,0,1,0,1,1,1,0,0,0,1,0,1,0,0,1,1,1,1,0,0,1,0,0,1,1,1,0,1,1,1
-74,0,0,0,1,1,0,0,1,0,1,1,1,0,0,0,1,0,1,0,0,1,1,1,1,0,0,1,0,0,1,1,1,0,1,1,1
-73,0,0,0,1,1,0,0,1,0,1,1,1,0,0,0,1,0,1,0,0,1,1,1,1,0,0,1,0,0,1,1,1,0,1,1,1
-72,0,0,1,1,1,0,0,1,0,1,1,1,0,0,0,1,0,1,0,0,1,1,1,1,0,0,1,0,0,1,1,1,0,1,1,1
-71,0,0,1,1,1,0,0,1,0,1,1,1,0,0,0,1,0,1,0,1,0,1,1,1,0,0,1,0,0,1,1,1,0,1,1,1
-70,0,0,1,1,1,1,0,1,1,1,1,1,0,0,0,1,1,0,0,1,0,1,1,1,0,0,1,0,0,1,1,1,0,1,1,1
-69,0,0,1,1,1,1,0,1,1,1,1,1,0,0,0,1,1,0,0,1,0,1,1,1,0,0,1,0,0,1,1,1,0,1,1,1
-68,0,1,0,1,1,1,0,1,1,1,1,1,0,0,0,1,1,0,0,1,0,1,1,1,0,0,1,0,0,1,1,1,0,1,1,1
-67,0,1,0,1,1,1,0,1,1,1,1,1,0,0,0,1,1,0,0,1,0,1,1,1,0,0,1,0,0,1,1,1,0,1,1,1
-66,0,1,0,1,1,1,0,0,0,1,0,0,0,0,1,1,1,0,0,1,0,1,1,1,0,0,1,1,0,1,1,1,0,1,1,1
-65,0,1,1,1,1,1,0,0,0,1,0,0,0,0,1,1,1,0,0,1,0,1,1,1,0,0,1,1,0,1,1,1,0,1,1,1
-64,0,1,1,1,1,1,0,0,0,1,0,0,0,0,1,1,1,0,0,1,0,1,1,1,0,0,1,1,0,1,1,1,0,1,1,1
-63,0,1,1,1,1,1,0,0,0,1,0,0,0,0,1,1,1,0,0,1,0,1,1,1,0,0,1,1,0,1,1,1,0,1,1,1
-62,0,0,0,1,0,0,0,0,0,1,0,1,0,0,1,1,1,0,0,1,0,1,1,1,0,1,1,1,0,1,1,1,0,1,1,1
-61,0,0,0,1,0,0,0,0,0,1,0,1,0,0,1,1,1,0,0,1,0,1,1,1,0,1,1,1,0,1,1,1,0,1,1,1
-60,0,0,0,1,0,0,0,0,0,1,0,1,0,0,1,1,1,0,0,1,0,1,1,1,0,1,1,1,0,1,1,1,0,1,1,1
-59,0,0,0,1,0,1,0,0,0,1,0,1,0,1,0,1,1,1,0,1,0,1,1,1,0,1,1,1,0,1,1,1,0,1,1,1
-58,0,0,0,1,0,1,0,0,1,1,0,1,0,1,0,1,1,1,0,1,0,1,1,1,0,1,1,1,0,1,1,1,0,1,1,1
-57,0,0,1,1,0,1,0,0,1,1,1,0,0,1,0,1,1,1,0,1,0,1,1,1,0,1,1,1,0,1,1,1,0,1,1,1
-56,0,0,1,1,1,0,0,0,1,1,1,0,0,1,0,1,1,1,0,1,0,1,1,1,0,1,1,1,0,1,1,1,0,1,1,1
-55,0,0,1,1,1,0,0,0,1,1,1,0,0,1,0,1,1,1,0,1,0,1,1,1,0,1,1,1,0,1,1,1,0,1,1,1
-54,0,1,0,1,1,0,0,1,0,1,1,0,0,1,0,1,1,1,0,1,0,1,1,1,0,1,1,1,0,1,1,1,0,1,1,1
-53,0,1,0,1,1,1,0,1,0,1,1,1,0,1,1,1,1,1,0,1,0,1,1,1,0,1,1,1,0,1,1,1,0,1,1,1
-52,0,1,1,1,1,1,0,1,0,1,1,1,0,1,1,1,1,1,0,1,0,1,1,1,0,1,1,1,0,1,1,1,0,1,1,1
-51,0,1,1,1,1,1,0,1,1,1,1,1,0,1,1,1,1,1,0,1,1,1,1,1,0,1,1,1,0,1,1,1,0,1,1,1
-50,0,1,1,1,1,1,0,1,1,1,1,1,0,1,1,1,1,1,0,1,1,1,1,1,0,1,1,1,0,1,1,1,0,1,1,1
-49,0,0,0,1,0,0,0,1,1,1,1,1,0,1,1,1,1,1,0,1,1,1,1,1,1,0,1,1,0,1,1,1,0,1,1,1
-48,0,0,0,1,0,0,0,0,0,1,0,0,1,0,0,1,1,1,0,1,1,1,1,1,0,0,1,0,0,1,1,1,1,0,1,1
-47,0,0,1,1,0,1,0,0,0,1,0,0,1,0,0,1,1,1,0,1,1,1,1,1,0,0,1,0,0,1,1,1,1,0,1,1
-46,0,0,1,1,0,1,0,0,0,1,0,0,0,0,0,0,1,1,0,1,1,1,1,1,0,0,1,0,1,0,1,1,1,0,1,1
-45,0,1,0,1,1,0,0,0,0,1,0,0,0,0,0,1,0,0,0,1,1,1,1,1,0,0,1,0,1,0,1,1,1,0,1,1
-44,0,1,0,1,1,0,0,0,1,1,0,1,0,0,0,1,0,0,0,1,1,1,1,1,0,0,1,0,1,0,1,1,1,0,1,1
-43,0,1,1,1,1,1,0,0,1,1,0,1,0,0,0,1,0,0,0,1,1,1,1,1,0,0,1,0,1,0,1,1,1,0,1,1
-42,0,1,1,1,1,1,0,0,1,1,0,1,0,0,0,1,0,0,0,1,1,1,1,1,0,0,1,0,1,0,1,1,1,0,1,1
-41,1,0,0,1,1,1,0,1,0,1,1,0,0,0,0,1,0,0,0,1,1,1,1,1,0,0,1,0,1,0,1,1,1,0,1,1
-40,0,0,0,0,1,1,0,1,0,1,1,0,0,0,1,1,0,0,0,1,1,1,1,1,0,1,1,0,1,0,1,1,1,0,1,1
-39,0,0,0,1,0,0,0,1,1,1,1,0,0,0,1,1,0,0,0,1,1,1,1,1,0,1,1,0,1,0,1,1,1,0,1,1
-38,0,0,1,1,0,0,0,1,1,1,1,1,0,0,1,1,0,1,0,1,1,1,1,1,0,1,1,0,1,0,1,1,1,0,1,1
-37,0,0,1,1,0,1,0,1,1,1,1,1,0,0,1,1,0,1,1,0,0,1,1,1,0,1,1,0,1,0,1,1,1,0,1,1
-36,0,1,0,1,0,1,1,0,0,1,1,1,0,1,0,1,0,1,1,0,0,1,1,1,0,1,1,0,1,0,1,1,1,0,1,1
-35,0,1,0,1,1,0,1,0,0,1,1,1,0,1,0,1,0,1,1,0,0,1,1,1,0,1,1,0,1,0,1,1,1,0,1,1
-34,0,1,1,1,1,0,0,0,0,0,1,1,0,1,0,1,0,1,1,0,0,1,1,1,0,1,1,1,1,0,1,1,1,0,1,1
-33,0,1,1,1,1,1,0,0,0,0,1,1,0,1,0,1,0,1,1,0,0,1,1,1,0,1,1,1,1,0,1,1,1,0,1,1
-32,1,0,0,1,1,1,0,0,1,1,0,0,0,1,1,1,1,0,1,0,0,1,1,1,0,1,1,1,1,0,1,1,1,0,1,1
-31,0,0,0,0,1,1,0,0,1,1,0,0,0,1,1,1,1,0,1,0,0,1,1,1,1,0,1,1,1,0,1,1,1,0,1,1
-30,0,0,1,1,0,0,0,1,0,1,0,1,0,1,1,1,1,0,1,0,0,1,1,1,0,0,0,1,1,0,1,1,1,1,1,1
-29,0,0,1,1,0,0,0,1,0,1,0,1,0,1,1,1,1,0,1,0,0,1,1,1,1,0,1,1,1,0,1,1,1,0,1,1
-28,0,1,0,1,0,1,0,1,1,1,1,0,1,0,0,1,1,0,1,0,0,1,1,1,0,0,0,1,1,0,1,1,1,1,1,1
-27,0,1,1,1,0,1,0,1,1,1,1,0,1,0,0,1,1,0,1,0,0,1,1,1,0,0,0,1,1,0,1,1,1,1,1,1
-26,0,1,1,1,1,0,1,0,0,1,1,0,1,0,0,1,1,1,1,0,0,1,1,1,0,0,0,1,1,0,1,1,1,1,1,1
-25,1,0,0,1,1,0,1,0,0,1,1,0,0,0,0,0,1,0,1,0,1,1,1,1,1,0,1,1,1,1,1,1,1,0,1,1
-24,0,0,0,0,1,0,0,0,0,0,1,0,0,0,0,0,1,0,1,0,1,1,1,1,0,1,1,0,1,1,1,1,1,1,1,1
-23,1,0,1,1,1,1,1,0,1,1,1,1,1,0,1,1,1,1,1,0,1,1,1,1,1,0,1,1,1,0,1,1,1,0,1,1
-22,0,0,1,0,1,1,1,0,1,1,1,1,1,0,1,1,1,1,1,0,1,1,1,1,1,1,1,1,1,0,1,1,1,0,1,1
-21,0,1,0,1,0,0,0,0,1,0,1,1,0,0,1,0,1,1,1,0,1,1,1,1,0,1,1,0,1,1,1,1,1,1,1,1
-20,0,1,1,1,0,1,0,1,0,1,0,0,0,0,1,0,1,1,1,0,1,1,1,1,0,1,1,0,1,1,1,1,1,1,1,1
-19,0,1,1,1,0,1,0,1,0,1,0,0,0,0,1,0,1,1,1,0,1,1,1,1,0,1,1,0,1,1,1,1,1,1,1,1
-18,1,0,0,1,1,0,0,1,1,1,0,1,0,1,0,0,1,1,1,0,1,1,1,1,0,1,1,0,1,1,1,1,1,1,1,1
-17,0,0,0,0,1,0,0,1,1,1,0,1,0,1,0,1,0,0,1,0,1,1,1,1,1,0,1,0,1,1,1,1,1,1,1,1
-16,1,0,1,1,1,1,1,0,0,1,0,1,0,1,0,1,0,0,1,0,1,1,1,1,0,1,1,0,1,1,1,1,1,1,1,1
-15,0,0,1,0,1,1,1,0,0,1,1,0,0,1,1,1,0,0,1,1,0,1,1,1,1,0,1,0,1,1,1,1,1,1,1,1
-14,0,1,0,0,1,1,1,0,1,1,1,0,0,1,1,1,0,0,1,1,0,1,1,1,1,0,1,0,1,1,1,1,1,1,1,1
-13,0,1,1,1,0,0,1,0,1,1,1,1,0,1,1,1,0,0,1,1,0,1,1,1,1,0,1,0,1,1,1,1,1,1,1,1
-12,0,1,1,1,0,1,0,0,1,0,1,0,0,1,1,1,0,1,1,1,0,1,1,1,1,0,1,1,1,1,1,1,1,1,1,1
-11,1,0,0,1,0,1,1,1,0,1,1,1,1,0,0,1,0,1,1,1,0,1,1,1,1,0,1,0,1,1,1,1,1,1,1,1
-10,0,0,0,0,0,1,0,1,0,0,1,1,1,0,0,1,0,1,1,1,0,1,1,1,1,1,1,1,1,1,1,1,1,1,1,1
-9,1,0,1,1,1,0,0,1,0,0,1,1,1,0,0,1,0,1,1,1,0,1,1,1,1,0,1,1,1,1,1,1,1,1,1,1
-8,1,1,0,1,1,1,0,1,1,1,0,0,1,0,1,1,0,1,1,1,0,1,1,1,1,0,1,1,1,1,1,1,1,1,1,1
-7,0,1,0,0,1,1,0,1,1,1,0,0,1,0,1,1,1,0,1,1,0,1,1,1,1,1,1,1,1,1,1,1,1,1,1,1
-6,0,1,1,0,1,1,1,0,0,1,0,1,1,0,1,1,1,0,1,1,0,1,1,1,1,1,1,1,1,1,1,1,1,1,1,1
-5,0,1,1,1,0,0,1,0,0,1,0,1,1,1,0,1,1,0,1,1,1,1,1,1,1,1,1,1,1,1,1,1,1,1,1,1
-4,1,0,0,1,0,1,1,0,1,1,0,1,1,1,0,1,1,0,1,1,1,1,1,1,1,1,1,1,1,1,1,1,1,1,1,1
-3,1,0,1,1,0,1,1,0,1,1,1,0,1,1,0,1,1,0,1,1,1,1,1,1,1,1,1,1,1,1,1,1,1,1,1,1
-2,1,1,0,1,1,0,1,1,0,1,1,0,1,1,0,1,1,1,1,1,1,1,1,1,1,1,1,1,1,1,1,1,1,1,1,1
-1,1,1,0,1,1,0,1,1,1,1,1,1,1,1,1,1,1,1,1,1,1,1,1,1,1,1,1,1,1,1,1,1,1,1,1,1
0,1,1,1,1,1,1,1,1,1,1,1,1,1,1,1,1,1,1,1,1,1,1,1,1,1,1,1,1,1,1,1,1,1,1,1,1
1,1,1,1,1,1,1,1,1,1,1,1,1,1,1,1,1,1,1,1,1,0,1,1,0,1,1,1,1,1,1,1,1,1,1,1,1
2,1,1,1,1,1,1,1,1,1,1,1,0,1,1,0,1,1,0,1,1,0,1,1,0,1,1,1,1,1,1,1,1,1,1,1,1
3,1,1,1,1,1,1,1,1,0,1,1,0,1,1,0,1,1,0,1,0,1,1,0,1,1,1,1,1,1,1,1,1,1,1,1,1
4,1,1,1,1,1,1,1,1,0,1,1,0,1,0,1,1,0,1,1,0,1,1,0,0,1,1,1,1,1,1,1,1,1,1,1,1
5,1,1,1,1,1,1,1,1,0,1,1,0,1,0,1,1,0,0,1,0,0,0,1,1,1,1,1,1,1,1,1,1,1,1,1,1
6,1,1,1,1,1,0,1,1,0,1,0,1,1,0,1,1,0,0,0,1,1,0,1,1,1,1,1,1,1,1,1,1,1,1,1,1
7,1,1,1,1,1,0,1,1,0,1,0,1,1,0,0,0,1,1,0,1,1,0,1,0,1,1,1,1,1,1,1,1,1,1,1,1
8,1,1,1,1,1,0,1,0,1,1,0,1,1,0,0,0,1,1,1,1,1,1,1,0,1,1,1,1,1,1,1,0,1,1,1,1
9,1,1,1,1,1,0,1,0,1,1,0,0,0,1,1,0,1,0,1,1,0,1,0,1,1,1,1,1,1,1,1,0,1,1,1,1
10,1,1,1,1,1,0,1,0,1,1,0,0,0,1,1,0,1,0,0,0,1,0,0,0,1,1,1,1,1,1,1,1,1,1,1,1
11,1,1,1,1,1,0,1,0,1,1,0,0,1,1,1,1,1,0,1,0,1,1,0,0,1,1,1,1,1,0,1,0,1,1,1,1
12,1,1,1,1,1,0,1,0,1,0,1,1,0,1,0,0,0,1,1,0,1,0,1,1,1,1,1,1,1,1,1,0,1,1,1,1
13,1,1,1,1,1,0,1,0,0,0,1,1,1,1,1,1,0,1,1,0,0,0,1,1,1,1,1,1,1,0,1,0,1,1,1,1
14,1,1,1,1,1,0,1,0,0,0,1,1,1,1,0,1,0,1,0,1,1,0,1,0,1,1,1,1,1,0,1,0,1,1,1,1
15,1,1,1,1,1,0,1,0,0,0,1,1,1,1,0,1,0,0,0,1,1,0,0,1,1,1,1,1,1,0,1,0,1,1,1,1
16,1,1,1,1,0,1,1,0,0,0,1,0,1,0,1,1,0,0,1,1,1,1,0,1,1,1,1,1,1,0,0,1,1,1,1,1
17,1,1,1,1,0,1,1,0,0,0,1,0,1,0,1,0,1,1,0,1,0,0,0,0,1,1,1,1,1,0,1,0,1,1,1,1
18,1,1,1,1,0,1,0,1,1,0,1,0,1,0,1,0,1,1,1,1,0,1,0,0,1,1,1,1,1,0,0,1,1,1,1,1
19,1,1,1,1,0,1,0,1,1,0,0,1,1,0,0,0,1,0,1,0,1,0,1,1,1,1,1,1,1,0,0,1,1,1,1,1
20,1,1,1,1,0,1,0,1,1,0,0,1,1,0,0,0,1,0,1,0,1,0,1,1,1,1,1,1,1,0,0,1,1,1,1,1
21,1,1,1,1,0,1,0,1,1,0,0,1,0,1,1,0,0,1,1,0,0,0,1,0,1,1,1,1,1,0,0,1,1,1,1,1
22,1,1,1,1,0,1,1,1,1,1,0,1,1,1,1,1,0,1,0,1,1,0,0,1,1,1,1,0,1,1,1,1,1,1,1,0
23,1,1,1,1,0,1,1,1,1,1,0,1,1,1,1,1,0,1,1,1,1,1,0,1,1,1,1,0,1,1,1,0,1,1,1,0
24,1,1,1,1,0,1,0,1,0,0,0,0,0,1,0,0,0,0,0,1,0,0,0,0,1,1,1,1,1,0,0,1,1,1,1,1
25,1,1,1,1,0,1,0,1,0,0,0,0,1,1,0,1,0,0,1,1,0,1,0,0,1,1,1,1,1,1,1,0,1,1,1,0
26,1,1,1,1,0,0,1,1,1,1,0,0,1,1,0,1,0,0,1,1,0,0,1,1,1,1,1,0,0,1,0,0,1,1,1,1
27,1,1,1,1,0,0,1,1,0,1,0,0,1,1,0,0,1,1,1,0,1,0,1,1,1,1,1,0,0,1,0,0,1,1,1,1
28,1,1,1,1,0,0,1,1,0,1,0,0,1,1,0,0,1,1,1,0,1,0,1,0,1,1,1,0,0,1,0,0,1,1,1,1
29,1,1,1,1,0,0,1,1,0,0,1,1,1,0,1,0,1,0,1,0,0,0,0,1,1,1,1,0,1,1,1,0,1,1,1,0
30,1,1,1,1,0,0,1,1,0,0,1,1,1,0,1,0,1,0,1,0,0,0,0,1,1,1,1,0,0,1,0,0,1,1,1,1
31,1,1,1,1,0,0,1,1,0,0,1,1,1,0,0,0,0,1,0,1,1,0,0,0,1,1,1,0,1,1,1,0,1,1,1,0
32,1,1,1,1,0,0,1,1,0,0,1,1,1,0,0,0,0,1,1,1,1,1,0,0,1,1,1,0,1,1,0,1,1,1,1,0
33,1,1,1,1,0,0,1,0,1,0,1,0,0,1,1,0,0,0,1,1,1,0,1,1,1,1,1,0,1,1,0,1,1,1,1,0
34,1,1,1,1,0,0,1,0,1,0,1,0,0,1,1,0,0,0,1,1,0,0,1,1,1,1,1,0,1,1,0,1,1,1,1,0
35,1,1,1,1,0,0,1,0,1,0,1,0,1,1,1,1,0,0,1,1,0,0,1,0,1,1,1,0,1,0,0,1,1,1,1,0
36,1,1,1,1,0,0,1,0,1,0,1,0,1,1,1,1,0,0,1,0,1,0,1,0,1,1,1,0,1,0,0,1,1,1,1,0
37,1,1,1,1,0,0,1,0,1,0,0,1,1,1,1,0,1,1,1,0,1,0,0,1,1,1,1,0,1,0,0,1,1,1,1,0
38,1,1,1,0,1,1,1,0,1,0,0,1,1,1,1,0,1,1,1,0,0,0,0,1,1,1,1,0,1,0,0,1,1,1,1,0
39,1,1,1,0,1,1,1,0,0,0,0,1,1,1,0,0,1,1,1,0,0,0,0,0,1,1,1,0,1,0,0,1,1,1,1,0
40,1,1,1,0,1,1,1,0,0,0,0,1,1,1,0,0,1,0,0,1,1,0,0,0,1,1,1,0,1,0,0,1,1,1,1,0
41,1,1,1,0,1,1,1,0,0,0,0,0,1,1,0,0,1,0,1,1,1,1,0,0,1,1,1,0,1,0,0,0,1,1,1,0
42,1,1,1,0,1,1,1,0,0,0,0,0,1,0,1,0,0,1,1,1,1,0,1,1,1,1,1,0,1,0,0,0,1,1,1,0
43,1,1,1,0,1,1,1,0,0,0,0,0,1,0,1,0,0,1,1,1,1,0,1,1,1,1,1,0,1,0,0,0,1,1,1,0
44,1,1,1,0,1,1,1,0,0,0,0,0,1,0,1,0,0,1,1,1,0,0,1,0,1,1,1,0,1,0,0,0,1,1,1,0
45,1,1,1,0,1,1,1,0,0,0,0,0,1,0,0,0,0,0,1,1,0,0,1,0,1,1,1,0,1,0,0,0,1,1,1,0
46,1,1,1,0,1,1,0,1,1,0,0,0,1,0,0,0,0,0,1,0,1,0,0,1,1,1,1,0,1,0,0,0,1,1,1,0
47,1,1,1,0,1,1,1,1,1,1,0,0,1,0,0,0,0,0,1,0,1,0,0,1,1,1,0,1,1,0,0,0,1,1,1,0
48,1,1,1,0,1,1,1,1,1,1,0,0,1,0,0,0,0,0,1,0,0,0,0,0,1,1,0,1,1,0,0,0,1,1,1,0
49,1,1,1,0,1,1,1,1,1,0,1,1,1,1,1,0,1,1,1,0,0,0,0,0,1,1,0,1,1,1,1,0,1,1,0,1
50,1,1,1,0,1,1,1,1,1,0,1,1,1,1,1,0,1,1,1,1,1,0,1,1,1,1,0,1,1,1,0,1,1,1,0,1
51,1,1,1,0,1,1,1,1,1,0,1,1,1,1,1,0,1,1,1,1,1,0,1,1,1,1,0,1,1,1,0,1,1,1,0,1
52,1,1,1,0,1,0,1,1,1,0,1,1,1,1,1,0,1,0,1,1,1,0,1,1,1,1,0,1,1,1,0,1,1,1,0,1
53,1,1,1,0,1,0,1,1,1,0,1,1,1,1,1,0,1,0,1,1,1,0,1,0,1,1,0,1,1,1,0,1,1,1,0,1
54,1,1,1,0,1,0,1,1,1,0,1,0,1,1,0,0,1,0,1,1,0,0,1,0,1,1,0,1,1,1,0,1,1,1,0,1
55,1,1,1,0,1,0,1,1,1,0,1,0,1,1,0,0,0,1,1,1,0,0,0,1,1,1,0,1,1,1,0,1,1,1,0,1
56,1,1,1,0,1,0,1,1,1,0,1,0,1,1,0,0,0,1,1,1,0,0,0,1,1,1,0,1,1,1,0,1,1,1,0,1
57,1,1,1,0,1,0,1,1,1,0,1,0,1,1,0,0,0,1,1,0,1,0,0,1,1,1,0,1,1,1,0,1,1,1,0,1
58,1,1,1,0,1,0,1,1,1,0,1,0,1,0,1,0,0,1,1,0,1,0,0,0,1,1,0,1,1,1,0,1,1,1,0,1
59,1,1,1,0,1,0,1,1,0,0,1,0,1,0,1,0,0,0,1,0,1,0,0,0,1,1,0,1,1,1,0,1,1,1,0,1
60,1,1,1,0,1,0,1,1,0,0,0,1,1,0,1,0,0,0,1,0,0,0,0,0,1,1,0,1,1,1,0,1,1,1,0,1
61,1,1,1,0,1,0,1,1,0,0,0,1,1,0,1,0,0,0,1,0,0,0,0,0,1,1,0,1,1,1,0,1,1,1,0,1
62,1,1,1,0,1,0,1,1,0,0,0,1,1,0,1,0,0,0,1,0,0,0,0,0,1,1,0,1,1,1,0,1,1,1,0,1
63,1,1,1,0,1,0,1,1,0,0,0,1,1,0,0,0,0,0,1,1,1,0,1,1,1,1,0,1,1,1,0,0,1,1,0,1
64,1,1,1,0,1,0,1,1,0,0,0,1,1,0,0,0,0,0,1,1,1,0,1,1,1,1,0,1,1,1,0,0,1,1,0,1
65,1,1,1,0,1,0,1,1,0,0,0,1,1,0,0,0,0,0,1,1,1,0,1,1,1,1,0,1,1,1,0,0,1,1,0,1
66,1,1,1,0,1,0,1,1,0,0,0,1,1,0,0,0,0,0,1,1,1,0,1,0,1,1,0,1,1,1,0,0,1,1,0,1
67,1,1,1,0,1,0,1,1,0,0,0,0,1,1,1,0,1,1,1,1,1,0,1,0,1,1,0,1,1,0,0,0,1,1,0,1
68,1,1,1,0,1,0,1,1,0,0,0,0,1,1,1,0,1,1,1,1,1,0,1,0,1,1,0,1,1,0,0,0,1,1,0,1
69,1,1,1,0,1,0,1,1,0,0,0,0,1,1,1,0,1,1,1,1,1,0,0,1,1,1,0,1,1,0,0,0,1,1,0,1
70,1,1,1,0,1,0,1,1,0,0,0,0,1,1,1,0,1,1,1,1,1,0,0,1,1,1,0,1,1,0,0,0,1,1,0,1
71,1,1,1,0,1,0,1,0,1,0,0,0,1,1,1,0,1,0,1,1,0,0,0,1,1,1,0,1,1,0,0,0,1,1,0,1
72,1,1,1,0,1,0,1,0,1,0,0,0,1,1,1,0,1,0,1,1,0,0,0,1,1,1,0,1,1,0,0,0,1,1,0,1
73,1,1,1,0,0,1,1,0,1,0,0,0,1,1,1,0,1,0,1,1,0,0,0,0,1,1,0,1,1,0,0,0,1,1,0,1
74,1,1,1,0,0,1,1,0,1,0,0,0,1,1,1,0,1,0,1,1,0,0,0,0,1,1,0,1,1,0,0,0,1,1,0,1
75,1,1,1,0,0,1,1,0,1,0,0,0,1,1,1,0,1,0,1,1,0,0,0,0,1,1,0,1,1,0,0,0,1,1,0,1
76,1,1,1,0,0,1,1,0,1,0,0,0,1,1,1,0,1,0,1,1,0,0,0,0,1,1,0,1,1,0,0,0,1,1,0,1
77,1,1,1,0,0,1,1,0,1,0,0,0,1,1,1,0,1,0,1,0,1,0,0,0,1,1,0,1,1,0,0,0,1,1,0,1
78,1,1,1,0,0,1,1,0,1,0,0,0,1,1,1,0,1,0,1,0,1,0,0,0,1,1,0,1,1,0,0,0,1,1,0,1
79,1,1,1,0,0,1,1,0,1,0,0,0,1,1,1,0,0,1,1,0,1,0,0,0,1,1,0,1,1,0,0,0,1,1,0,1
80,1,1,1,0,0,1,1,0,1,0,0,0,1,1,1,0,0,1,1,0,1,0,0,0,1,1,0,1,1,0,0,0,1,1,0,1
81,1,1,1,0,0,1,1,0,1,0,0,0,1,1,1,0,0,1,1,0,1,0,0,0,1,1,0,1,1,0,0,0,1,1,0,1
82,1,1,1,0,0,1,1,0,1,0,0,0,1,1,1,0,0,1,1,0,1,0,0,0,1,1,0,1,1,0,0,0,1,1,0,1
83,1,1,1,0,0,1,1,0,1,0,0,0,1,1,1,0,0,1,1,0,1,0,0,0,1,1,0,1,1,0,0,0,1,1,0,1
84,1,1,1,0,0,1,1,0,1,0,0,0,1,1,1,0,0,1,1,0,1,0,0,0,1,1,0,1,1,0,0,0,1,1,0,1
85,1,1,1,0,0,1,1,0,1,0,0,0,1,1,1,0,0,1,1,0,1,0,0,0,1,1,0,1,1,0,0,0,1,1,0,1
86,1,1,1,0,0,1,1,0,1,0,0,0,1,1,1,0,0,1,1,0,1,0,0,0,1,1,0,1,1,0,0,0,1,1,0,1
87,1,1,1,0,0,1,1,0,1,0,0,0,1,1,1,0,0,1,1,0,1,0,0,0,1,1,0,1,1,0,0,0,1,1,0,1
88,1,1,1,0,0,1,1,0,1,0,0,0,1,1,1,0,0,1,1,0,1,0,0,0,1,1,0,1,1,0,0,0,1,1,0,1
89,1,1,1,0,0,1,1,0,1,0,0,0,1,1,1,0,0,1,1,0,1,0,0,0,1,1,0,1,1,0,0,0,1,1,0,1
90,1,1,1,0,0,1,1,0,1,0,0,0,1,1,1,0,0,1,1,0,1,0,0,0,1,1,0,1,1,0,0,0,1,1,0,1
